min_rank	mid_rank	max_rank	binsize	wordsline
0	25	50	50	уж
51	77	103	52	если
104	132	159	55	жить
160	189	218	57	пройти
219	250	280	60	лишь
281	313	344	63	белый
345	378	411	65	посмотреть
412	447	481	68	широкий
482	518	553	71	основный
554	591	628	73	природа
629	667	706	76	офицер
707	746	786	79	ученый
787	828	869	81	вино
870	912	954	84	способ
955	999	1042	87	впечатление
1043	1088	1133	89	среда
1134	1181	1227	92	красота
1228	1275	1323	95	комиссия
1324	1373	1422	97	даль
1423	1473	1523	100	германий
1524	1576	1627	103	непременно
1628	1681	1734	105	секунда
1735	1789	1844	108	восточный
1845	1900	1956	111	зритель
1957	2014	2070	113	выступить
2071	2130	2188	116	надеть
2189	2248	2308	119	кино
2309	2370	2431	121	лампа
2432	2494	2556	124	костер
2557	2621	2684	127	испугаться
2685	2750	2815	129	чина
2816	2882	2948	132	чудесный
2949	3017	3084	135	старушка
3085	3154	3223	137	предупредить
3224	3294	3364	140	нападение
3365	3437	3508	142	сравнительно
3509	3582	3655	145	водитель
3656	3730	3804	148	авторитет
3805	3881	3956	150	орать
3957	4034	4111	153	зарубежный
4112	4190	4268	156	предполагаться
4269	4348	4428	158	улучшение
4429	4510	4590	161	сочувствие
4591	4674	4756	164	некуда
4757	4840	4924	166	звенеть
4925	5009	5094	169	искусный
5095	5181	5267	172	приветливый
5268	5356	5443	174	сирота
5444	5533	5622	177	служение
5623	5713	5803	180	заводской
5804	5895	5987	182	вертикальный
5988	6080	6173	185	лень
6174	6268	6362	188	барский
6363	6459	6554	190	психика
6555	6652	6749	193	смиренный
6750	6848	6946	196	свирепый
6947	7046	7145	198	порох
7146	7247	7348	201	переработка
7349	7451	7553	204	перемещение
7554	7657	7761	206	подействовать
7762	7866	7971	209	фиолетовый
7972	8078	8184	212	страшить
8185	8293	8400	214	застылый
8401	8510	8618	217	понестись
8619	8729	8839	220	як
8840	8952	9063	222	догонять
9064	9177	9289	225	предсказать
9290	9404	9518	227	мерзкий
9519	9635	9750	230	зам
9751	9868	9984	233	вошь
9985	10103	10221	235	скат
10222	10341	10461	238	различаться
10462	10582	10703	241	вечеринка
10704	10826	10948	243	уважительный
10949	11072	11196	246	привязаться
11197	11321	11446	249	трюм
11447	11573	11699	251	противопоставить
11700	11827	11954	254	замечаться
11955	12084	12213	257	уменье
12214	12343	12473	259	ворох
12474	12606	12737	262	созвездие
12738	12871	13003	265	объединиться
13004	13138	13272	267	засохнуть
13273	13408	13543	270	приостановиться
13544	13681	13818	273	владычество
13819	13957	14094	275	гостинец
14095	14235	14374	278	панталоны
14375	14515	14656	281	сокрушаться
14657	14799	14941	283	безвестный
14942	15085	15228	286	бита
15229	15374	15518	289	металлург
15519	15665	15811	291	клан
15812	15959	16106	294	подписываться
16107	16256	16405	297	аргентина
16406	16555	16705	299	впечатляющий
16706	16857	17009	302	косарь
17010	17162	17315	305	поедать
17316	17470	17623	307	бензиновый
17624	17780	17935	310	незапамятный
17936	18092	18249	313	досадливо
18250	18408	18565	315	напоказ
18566	18726	18885	318	дородный
18886	19046	19207	320	перегнать
19208	19369	19531	323	гимнастический
19532	19695	19859	326	бильярдный
19860	20024	20189	328	заразный
20190	20355	20521	331	волновой
20522	20689	20856	334	весовой
20857	21026	21194	336	набрасывать
21195	21365	21535	339	разрисовать
21536	21707	21878	342	донизу
21879	22052	22224	344	антропологический
22225	22399	22573	347	углядеть
22574	22749	22924	350	жабра
22925	23101	23278	352	помрачнеть
23279	23456	23634	355	колоритный
23635	23814	23993	358	наигрывать
23994	24175	24355	360	отхожий
24356	24538	24720	363	герр
24721	24904	25087	366	замахиваться
25088	25272	25456	368	барашковый
25457	25643	25829	371	розный
25830	26017	26204	374	тронный
26205	26393	26582	376	рукоплескать
26583	26773	26962	379	начеку
26963	27154	27345	382	безвыездный
27346	27539	27731	384	примак
27732	27926	28119	387	отвлеченность
28120	28315	28510	390	судимость
28511	28708	28904	392	претворять
28905	29103	29301	395	парламентер
29302	29501	29700	398	невнимательно
29701	29901	30101	400	разыскание
30102	30304	30506	403	припарковать
30507	30710	30913	405	колыхнуться
30914	31118	31322	408	зебра
31323	31529	31734	411	дробно
31735	31942	32149	413	клепка
32150	32359	32567	416	нормировать
32568	32778	32987	419	промашка
32988	33199	33410	421	метиловый
33411	33624	33836	424	крепостца
33837	34050	34264	427	буксировать
34265	34480	34695	429	трепка
34696	34912	35129	432	пошевеливать
35130	35347	35565	435	вызнать
35566	35785	36004	437	распушить
36005	36225	36445	440	сребро
36446	36668	36889	443	перетолковать
36890	37113	37336	445	содержательница
37337	37561	37786	448	обобществить
37787	38012	38238	451	драга
38239	38466	38693	453	пеленг
38694	38922	39150	456	темно-бурый
39151	39381	39610	459	прорубать
39611	39842	40073	461	пелеринка
40074	40306	40538	464	бутить
40539	40773	41006	467	эрстед
41007	41242	41477	469	перевивать
41478	41714	41951	472	демонский
41952	42189	42427	475	вспрыснуть
42428	42667	42905	477	стеклодув
42906	43147	43387	480	подголосок
43388	43629	43871	483	жмот
43872	44115	44357	485	татами
44358	44603	44847	488	закиснуть
44848	45093	45339	490	освирепеть
45340	45587	45833	493	закаменелый
45834	46083	46331	496	топоним
46332	46581	46831	498	никотиновый
46832	47083	47333	501	высококультурный
47334	47586	47839	504	паралитический
47840	48093	48347	506	традиционализм
48348	48602	48857	509	козонок
48858	49114	49370	512	цитрон
49371	49629	49886	514	фермерство
49887	50146	50405	517	австерия
50406	50666	50926	520	дружинный
50927	51189	51450	522	рацпредложение
51451	51714	51977	525	примыкание
51978	52242	52506	528	общинник
52507	52772	53038	530	обоготворять
53039	53305	53572	533	проворить
53573	53841	54109	536	вострубить
54110	54380	54649	538	запротоколировать
54650	54921	55191	541	валежина
55192	55465	55737	544	сороковины
55738	56011	56284	546	угрызать
56285	56560	56835	549	корвалол
56836	57112	57388	552	косолапить
57389	57666	57944	554	соизмерить
57945	58223	58502	557	непостижный
58503	58783	59063	560	стереофонический
59064	59346	59627	562	выстругивать
59628	59911	60193	565	метельчатый
60194	60478	60762	568	галлюциноген
60763	61049	61334	570	десятимесячный
61335	61622	61908	573	скандирование
61909	62197	62485	576	проулочек
62486	62776	63065	578	подсвечиваться
63066	63357	63647	581	бариевый
63648	63940	64232	583	хамсин
64233	64527	64820	586	по-дамски
64821	65116	65410	589	перерезаться
65411	65707	66003	591	нитчатый
66004	66302	66599	594	дихлорэтан
66600	66898	67197	597	двупалый
67198	67498	67798	599	крикунья
67799	68100	68402	602	выкачиваться
68403	68705	69008	605	привариваться
69009	69313	69617	607	неудачливость
69618	69923	70228	610	покрытосеменной
70229	70536	70842	613	гоститься
70843	71151	71459	615	полусогнуться
71460	71770	72079	618	ньюфаундлендский
72080	72390	72701	621	вкуснотища
72702	73014	73326	623	бандеролька
73327	73640	73953	626	сервироваться
73954	74269	74583	629	электрофизика
74584	74900	75216	631	дряхленький
75217	75534	75852	634	шелюга
75853	76171	76490	637	завторить
76491	76811	77131	639	натровый
77132	77453	77774	642	неудобопроходимый
77775	78098	78420	645	разгребание
78421	78745	79069	647	заветрие
79070	79395	79720	650	неуважительность
79721	80048	80374	653	отпиться
80375	80703	81031	655	бронировка
81032	81361	81690	658	повыдрать
81691	82022	82352	661	шнитт-лук
82353	82685	83017	663	грабиться
83018	83351	83684	666	госхоз
83685	84020	84354	668	присосать
84355	84691	85027	671	по-сельски
85028	85365	85702	674	незамужница
85703	86042	86380	676	откомандировывать
86381	86721	87061	679	обварной
87062	87403	87744	682	проблудить
87745	88088	88430	684	нахвостник
88431	88775	89119	687	дезориентирование
89120	89465	89810	690	обворожитель
89811	90157	90504	692	светловодный
90505	90853	91200	695	подрейфовать
91201	91550	91900	698	катерна
91901	92251	92601	700	колядование
92602	92954	93306	703	прямешенький
93307	93660	94013	706	русицизм
94014	94369	94723	708	вояжировка
94724	95080	95436	711	фонола
95437	95794	96151	714	машиновладелец
96152	96510	96868	716	настрекать
96869	97229	97589	719	сланцеватость
97590	97951	98312	722	фасный
98313	98675	99038	724	курочек
99039	99403	99766	727	выстирывать
99767	100132	100497	730	дошутить
100498	100865	101231	732	мохнатеть
101232	101600	101968	735	отколка
101969	102338	102707	738	поручница
102708	103078	103448	740	тапиока
103449	103821	104193	743	харчишки
104194	104567	104940	746	привядать
104941	105315	105689	748	дабовый
105690	106066	106442	751	доковать
106443	106820	107197	754	крутоверть
107198	107576	107954	756	ниспровергательница
107955	108335	108715	759	огрешиться
108716	109097	109478	761	перемащиваться
109479	109861	110243	764	пригораживаться
110244	110628	111012	767	раскомандировочная
111013	111398	111783	769	сожмуриваться
111784	112170	112556	772	фельетонность
112557	112945	113332	775	аутовакцина
113333	113722	114111	777	бувардия
114112	114503	114893	780	веслище
114894	115285	115677	783	гидрообогащение
115678	116071	116464	785	достегивать
116465	116859	117254	788	закоченевший
117255	117650	118046	791	защипаться
118047	118444	118841	793	когда угодно
118842	119240	119638	796	леновые
119639	120039	120438	799	марморироваться
120439	120840	121241	801	мускат-люнель
121242	121644	122047	804	не так чтоб
122048	122451	122855	807	неполноправие
122856	123261	123665	809	обсусоливаться
123666	124073	124479	812	пережалобиться
124480	124887	125295	815	перетыкаться
125296	125705	126114	817	плакатно
126115	126525	126935	820	подворное
126936	127348	127759	823	прихлебательский
127760	128173	128586	825	провинчивание
128587	129001	129415	828	располосовываться
129416	129832	130247	831	с поличным
130248	130665	131082	833	склеивальщик
131083	131501	131919	836	сухолюб
131920	132340	132760	839	трясогузочий
132761	133181	133602	841	цитокинез
133603	133875	134148	544	яйце-мясной
